% DC Reported 20-Year Homicide Trend
x = [301 260 241 242 232 262 248 196 169 181 186 144 132 108 88 104 105 162 135]
